DISTRIBUCIÓN CONJUNTA
Número de variables: 25
Número de configuraciones: 33554432
------------------------------------------------------------
Distribución demasiado grande para mostrar completa (33554432 configuraciones).
Mostrando solo las primeras y últimas 5 configuraciones:

X1 X2 X3 X4 X5 X6 X7 X8 X9 X10 X11 X12 X13 X14 X15 X16 X17 X18 X19 X20 X21 X22 X23 X24 X25 | Probabilidad
------------------------------------------------------------
0  0  0  0  0  0  0  0  0  0  0  0  0  0  0  0  0  0  0  0  0  0  0  0  0  | 0.000000
0  0  0  0  0  0  0  0  0  0  0  0  0  0  0  0  0  0  0  0  0  0  0  0  1  | 0.000000
0  0  0  0  0  0  0  0  0  0  0  0  0  0  0  0  0  0  0  0  0  0  0  1  0  | 0.000000
0  0  0  0  0  0  0  0  0  0  0  0  0  0  0  0  0  0  0  0  0  0  0  1  1  | 0.000000
0  0  0  0  0  0  0  0  0  0  0  0  0  0  0  0  0  0  0  0  0  0  1  0  0  | 0.000000
... (33554422 configuraciones omitidas) ...
1  1  1  1  1  1  1  1  1  1  1  1  1  1  1  1  1  1  1  1  1  1  0  1  1  | 0.000000
1  1  1  1  1  1  1  1  1  1  1  1  1  1  1  1  1  1  1  1  1  1  1  0  0  | 0.000000
1  1  1  1  1  1  1  1  1  1  1  1  1  1  1  1  1  1  1  1  1  1  1  0  1  | 0.000000
1  1  1  1  1  1  1  1  1  1  1  1  1  1  1  1  1  1  1  1  1  1  1  1  0  | 0.000000
1  1  1  1  1  1  1  1  1  1  1  1  1  1  1  1  1  1  1  1  1  1  1  1  1  | 0.000000

 DISTRIBUCIÓN CONDICIONAL 
Variables condicionadas (X_C): X1=0, X2=1, X3=0, X4=0, X5=1, X6=1, X7=1, X8=0, X9=0
Variables de interés (X_I): X10, X11, X12, X13, X14, X15, X16, X17, X18, X19

Probabilidades condicionales P(X_I | X_C):
------------------------------------------------------------
X10	X11	X12	X13	X14	X15	X16	X17	X18	X19	| Probabilidad
------------------------------------------------------------
0	0	0	0	0	0	0	0	0	0	| 0.000953
0	0	0	0	0	0	0	0	0	1	| 0.000868
0	0	0	0	0	0	0	0	1	0	| 0.001040
0	0	0	0	0	0	0	0	1	1	| 0.001068
0	0	0	0	0	0	0	1	0	0	| 0.001325
0	0	0	0	0	0	0	1	0	1	| 0.001126
0	0	0	0	0	0	0	1	1	0	| 0.001075
0	0	0	0	0	0	0	1	1	1	| 0.000889
0	0	0	0	0	0	1	0	0	0	| 0.000904
0	0	0	0	0	0	1	0	0	1	| 0.000964
0	0	0	0	0	0	1	0	1	0	| 0.001023
0	0	0	0	0	0	1	0	1	1	| 0.001059
0	0	0	0	0	0	1	1	0	0	| 0.000950
0	0	0	0	0	0	1	1	0	1	| 0.001109
0	0	0	0	0	0	1	1	1	0	| 0.001078
0	0	0	0	0	0	1	1	1	1	| 0.001078
0	0	0	0	0	1	0	0	0	0	| 0.000855
0	0	0	0	0	1	0	0	0	1	| 0.001061
0	0	0	0	0	1	0	0	1	0	| 0.001009
0	0	0	0	0	1	0	0	1	1	| 0.000922
0	0	0	0	0	1	0	1	0	0	| 0.001002
0	0	0	0	0	1	0	1	0	1	| 0.000976
0	0	0	0	0	1	0	1	1	0	| 0.000988
0	0	0	0	0	1	0	1	1	1	| 0.000806
0	0	0	0	0	1	1	0	0	0	| 0.000858
0	0	0	0	0	1	1	0	0	1	| 0.000897
0	0	0	0	0	1	1	0	1	0	| 0.000826
0	0	0	0	0	1	1	0	1	1	| 0.000827
0	0	0	0	0	1	1	1	0	0	| 0.000783
0	0	0	0	0	1	1	1	0	1	| 0.001053
0	0	0	0	0	1	1	1	1	0	| 0.001152
0	0	0	0	0	1	1	1	1	1	| 0.000703
0	0	0	0	1	0	0	0	0	0	| 0.001258
0	0	0	0	1	0	0	0	0	1	| 0.000925
0	0	0	0	1	0	0	0	1	0	| 0.001191
0	0	0	0	1	0	0	0	1	1	| 0.001133
0	0	0	0	1	0	0	1	0	0	| 0.000726
0	0	0	0	1	0	0	1	0	1	| 0.001012
0	0	0	0	1	0	0	1	1	0	| 0.000886
0	0	0	0	1	0	0	1	1	1	| 0.001116
0	0	0	0	1	0	1	0	0	0	| 0.001123
0	0	0	0	1	0	1	0	0	1	| 0.001053
0	0	0	0	1	0	1	0	1	0	| 0.000979
0	0	0	0	1	0	1	0	1	1	| 0.000875
0	0	0	0	1	0	1	1	0	0	| 0.001091
0	0	0	0	1	0	1	1	0	1	| 0.001117
0	0	0	0	1	0	1	1	1	0	| 0.000861
0	0	0	0	1	0	1	1	1	1	| 0.001021
0	0	0	0	1	1	0	0	0	0	| 0.000692
0	0	0	0	1	1	0	0	0	1	| 0.000991
0	0	0	0	1	1	0	0	1	0	| 0.001300
0	0	0	0	1	1	0	0	1	1	| 0.000880
0	0	0	0	1	1	0	1	0	0	| 0.001180
0	0	0	0	1	1	0	1	0	1	| 0.000966
0	0	0	0	1	1	0	1	1	0	| 0.000957
0	0	0	0	1	1	0	1	1	1	| 0.001135
0	0	0	0	1	1	1	0	0	0	| 0.001156
0	0	0	0	1	1	1	0	0	1	| 0.000854
0	0	0	0	1	1	1	0	1	0	| 0.000981
0	0	0	0	1	1	1	0	1	1	| 0.000933
0	0	0	0	1	1	1	1	0	0	| 0.000876
0	0	0	0	1	1	1	1	0	1	| 0.000838
0	0	0	0	1	1	1	1	1	0	| 0.001009
0	0	0	0	1	1	1	1	1	1	| 0.001057
0	0	0	1	0	0	0	0	0	0	| 0.000959
0	0	0	1	0	0	0	0	0	1	| 0.001185
0	0	0	1	0	0	0	0	1	0	| 0.000878
0	0	0	1	0	0	0	0	1	1	| 0.001067
0	0	0	1	0	0	0	1	0	0	| 0.000992
0	0	0	1	0	0	0	1	0	1	| 0.000908
0	0	0	1	0	0	0	1	1	0	| 0.000943
0	0	0	1	0	0	0	1	1	1	| 0.000999
0	0	0	1	0	0	1	0	0	0	| 0.000959
0	0	0	1	0	0	1	0	0	1	| 0.001078
0	0	0	1	0	0	1	0	1	0	| 0.000770
0	0	0	1	0	0	1	0	1	1	| 0.000904
0	0	0	1	0	0	1	1	0	0	| 0.000957
0	0	0	1	0	0	1	1	0	1	| 0.000865
0	0	0	1	0	0	1	1	1	0	| 0.000950
0	0	0	1	0	0	1	1	1	1	| 0.001073
0	0	0	1	0	1	0	0	0	0	| 0.001167
0	0	0	1	0	1	0	0	0	1	| 0.001069
0	0	0	1	0	1	0	0	1	0	| 0.001229
0	0	0	1	0	1	0	0	1	1	| 0.001128
0	0	0	1	0	1	0	1	0	0	| 0.000848
0	0	0	1	0	1	0	1	0	1	| 0.000969
0	0	0	1	0	1	0	1	1	0	| 0.001003
0	0	0	1	0	1	0	1	1	1	| 0.001162
0	0	0	1	0	1	1	0	0	0	| 0.000835
0	0	0	1	0	1	1	0	0	1	| 0.000996
0	0	0	1	0	1	1	0	1	0	| 0.000948
0	0	0	1	0	1	1	0	1	1	| 0.000813
0	0	0	1	0	1	1	1	0	0	| 0.000968
0	0	0	1	0	1	1	1	0	1	| 0.001219
0	0	0	1	0	1	1	1	1	0	| 0.000994
0	0	0	1	0	1	1	1	1	1	| 0.001223
0	0	0	1	1	0	0	0	0	0	| 0.001182
0	0	0	1	1	0	0	0	0	1	| 0.000998
0	0	0	1	1	0	0	0	1	0	| 0.001098
0	0	0	1	1	0	0	0	1	1	| 0.001111
0	0	0	1	1	0	0	1	0	0	| 0.001026
0	0	0	1	1	0	0	1	0	1	| 0.001128
0	0	0	1	1	0	0	1	1	0	| 0.001017
0	0	0	1	1	0	0	1	1	1	| 0.000992
0	0	0	1	1	0	1	0	0	0	| 0.001044
0	0	0	1	1	0	1	0	0	1	| 0.000935
0	0	0	1	1	0	1	0	1	0	| 0.000955
0	0	0	1	1	0	1	0	1	1	| 0.001043
0	0	0	1	1	0	1	1	0	0	| 0.000958
0	0	0	1	1	0	1	1	0	1	| 0.001020
0	0	0	1	1	0	1	1	1	0	| 0.000843
0	0	0	1	1	0	1	1	1	1	| 0.001083
0	0	0	1	1	1	0	0	0	0	| 0.000950
0	0	0	1	1	1	0	0	0	1	| 0.000949
0	0	0	1	1	1	0	0	1	0	| 0.000919
0	0	0	1	1	1	0	0	1	1	| 0.001091
0	0	0	1	1	1	0	1	0	0	| 0.001005
0	0	0	1	1	1	0	1	0	1	| 0.001034
0	0	0	1	1	1	0	1	1	0	| 0.000960
0	0	0	1	1	1	0	1	1	1	| 0.001114
0	0	0	1	1	1	1	0	0	0	| 0.001086
0	0	0	1	1	1	1	0	0	1	| 0.001099
0	0	0	1	1	1	1	0	1	0	| 0.000962
0	0	0	1	1	1	1	0	1	1	| 0.001084
0	0	0	1	1	1	1	1	0	0	| 0.000820
0	0	0	1	1	1	1	1	0	1	| 0.000937
0	0	0	1	1	1	1	1	1	0	| 0.000946
0	0	0	1	1	1	1	1	1	1	| 0.001048
0	0	1	0	0	0	0	0	0	0	| 0.000942
0	0	1	0	0	0	0	0	0	1	| 0.000981
0	0	1	0	0	0	0	0	1	0	| 0.000917
0	0	1	0	0	0	0	0	1	1	| 0.000857
0	0	1	0	0	0	0	1	0	0	| 0.000866
0	0	1	0	0	0	0	1	0	1	| 0.001012
0	0	1	0	0	0	0	1	1	0	| 0.000947
0	0	1	0	0	0	0	1	1	1	| 0.000779
0	0	1	0	0	0	1	0	0	0	| 0.000934
0	0	1	0	0	0	1	0	0	1	| 0.000939
0	0	1	0	0	0	1	0	1	0	| 0.000979
0	0	1	0	0	0	1	0	1	1	| 0.001038
0	0	1	0	0	0	1	1	0	0	| 0.000795
0	0	1	0	0	0	1	1	0	1	| 0.001188
0	0	1	0	0	0	1	1	1	0	| 0.000966
0	0	1	0	0	0	1	1	1	1	| 0.000986
0	0	1	0	0	1	0	0	0	0	| 0.000871
0	0	1	0	0	1	0	0	0	1	| 0.001083
0	0	1	0	0	1	0	0	1	0	| 0.000680
0	0	1	0	0	1	0	0	1	1	| 0.001132
0	0	1	0	0	1	0	1	0	0	| 0.000859
0	0	1	0	0	1	0	1	0	1	| 0.000782
0	0	1	0	0	1	0	1	1	0	| 0.000954
0	0	1	0	0	1	0	1	1	1	| 0.001139
0	0	1	0	0	1	1	0	0	0	| 0.001034
0	0	1	0	0	1	1	0	0	1	| 0.000610
0	0	1	0	0	1	1	0	1	0	| 0.000966
0	0	1	0	0	1	1	0	1	1	| 0.000946
0	0	1	0	0	1	1	1	0	0	| 0.000903
0	0	1	0	0	1	1	1	0	1	| 0.001035
0	0	1	0	0	1	1	1	1	0	| 0.000867
0	0	1	0	0	1	1	1	1	1	| 0.000935
0	0	1	0	1	0	0	0	0	0	| 0.001126
0	0	1	0	1	0	0	0	0	1	| 0.000869
0	0	1	0	1	0	0	0	1	0	| 0.000984
0	0	1	0	1	0	0	0	1	1	| 0.000961
0	0	1	0	1	0	0	1	0	0	| 0.000957
0	0	1	0	1	0	0	1	0	1	| 0.000936
0	0	1	0	1	0	0	1	1	0	| 0.000951
0	0	1	0	1	0	0	1	1	1	| 0.000915
0	0	1	0	1	0	1	0	0	0	| 0.000848
0	0	1	0	1	0	1	0	0	1	| 0.001098
0	0	1	0	1	0	1	0	1	0	| 0.000959
0	0	1	0	1	0	1	0	1	1	| 0.001014
0	0	1	0	1	0	1	1	0	0	| 0.001020
0	0	1	0	1	0	1	1	0	1	| 0.000833
0	0	1	0	1	0	1	1	1	0	| 0.001056
0	0	1	0	1	0	1	1	1	1	| 0.000763
0	0	1	0	1	1	0	0	0	0	| 0.000957
0	0	1	0	1	1	0	0	0	1	| 0.000846
0	0	1	0	1	1	0	0	1	0	| 0.001046
0	0	1	0	1	1	0	0	1	1	| 0.001195
0	0	1	0	1	1	0	1	0	0	| 0.001029
0	0	1	0	1	1	0	1	0	1	| 0.000824
0	0	1	0	1	1	0	1	1	0	| 0.000823
0	0	1	0	1	1	0	1	1	1	| 0.000784
0	0	1	0	1	1	1	0	0	0	| 0.000888
0	0	1	0	1	1	1	0	0	1	| 0.000842
0	0	1	0	1	1	1	0	1	0	| 0.001185
0	0	1	0	1	1	1	0	1	1	| 0.001155
0	0	1	0	1	1	1	1	0	0	| 0.000862
0	0	1	0	1	1	1	1	0	1	| 0.000888
0	0	1	0	1	1	1	1	1	0	| 0.000913
0	0	1	0	1	1	1	1	1	1	| 0.000890
0	0	1	1	0	0	0	0	0	0	| 0.001053
0	0	1	1	0	0	0	0	0	1	| 0.000909
0	0	1	1	0	0	0	0	1	0	| 0.000998
0	0	1	1	0	0	0	0	1	1	| 0.000866
0	0	1	1	0	0	0	1	0	0	| 0.001085
0	0	1	1	0	0	0	1	0	1	| 0.000900
0	0	1	1	0	0	0	1	1	0	| 0.000989
0	0	1	1	0	0	0	1	1	1	| 0.000938
0	0	1	1	0	0	1	0	0	0	| 0.001080
0	0	1	1	0	0	1	0	0	1	| 0.000938
0	0	1	1	0	0	1	0	1	0	| 0.001017
0	0	1	1	0	0	1	0	1	1	| 0.001239
0	0	1	1	0	0	1	1	0	0	| 0.000988
0	0	1	1	0	0	1	1	0	1	| 0.001037
0	0	1	1	0	0	1	1	1	0	| 0.000809
0	0	1	1	0	0	1	1	1	1	| 0.001093
0	0	1	1	0	1	0	0	0	0	| 0.000956
0	0	1	1	0	1	0	0	0	1	| 0.000866
0	0	1	1	0	1	0	0	1	0	| 0.001004
0	0	1	1	0	1	0	0	1	1	| 0.001016
0	0	1	1	0	1	0	1	0	0	| 0.000955
0	0	1	1	0	1	0	1	0	1	| 0.000805
0	0	1	1	0	1	0	1	1	0	| 0.000881
0	0	1	1	0	1	0	1	1	1	| 0.000897
0	0	1	1	0	1	1	0	0	0	| 0.001124
0	0	1	1	0	1	1	0	0	1	| 0.000902
0	0	1	1	0	1	1	0	1	0	| 0.000908
0	0	1	1	0	1	1	0	1	1	| 0.000860
0	0	1	1	0	1	1	1	0	0	| 0.001004
0	0	1	1	0	1	1	1	0	1	| 0.000948
0	0	1	1	0	1	1	1	1	0	| 0.001127
0	0	1	1	0	1	1	1	1	1	| 0.000984
0	0	1	1	1	0	0	0	0	0	| 0.000950
0	0	1	1	1	0	0	0	0	1	| 0.000972
0	0	1	1	1	0	0	0	1	0	| 0.001111
0	0	1	1	1	0	0	0	1	1	| 0.000979
0	0	1	1	1	0	0	1	0	0	| 0.000976
0	0	1	1	1	0	0	1	0	1	| 0.001108
0	0	1	1	1	0	0	1	1	0	| 0.001052
0	0	1	1	1	0	0	1	1	1	| 0.000948
0	0	1	1	1	0	1	0	0	0	| 0.000955
0	0	1	1	1	0	1	0	0	1	| 0.001190
0	0	1	1	1	0	1	0	1	0	| 0.000988
0	0	1	1	1	0	1	0	1	1	| 0.001150
0	0	1	1	1	0	1	1	0	0	| 0.000913
0	0	1	1	1	0	1	1	0	1	| 0.000731
0	0	1	1	1	0	1	1	1	0	| 0.000985
0	0	1	1	1	0	1	1	1	1	| 0.000946
0	0	1	1	1	1	0	0	0	0	| 0.001045
0	0	1	1	1	1	0	0	0	1	| 0.001107
0	0	1	1	1	1	0	0	1	0	| 0.000942
0	0	1	1	1	1	0	0	1	1	| 0.000979
0	0	1	1	1	1	0	1	0	0	| 0.000948
0	0	1	1	1	1	0	1	0	1	| 0.001032
0	0	1	1	1	1	0	1	1	0	| 0.000875
0	0	1	1	1	1	0	1	1	1	| 0.000765
0	0	1	1	1	1	1	0	0	0	| 0.000838
0	0	1	1	1	1	1	0	0	1	| 0.001095
0	0	1	1	1	1	1	0	1	0	| 0.000782
0	0	1	1	1	1	1	0	1	1	| 0.001036
0	0	1	1	1	1	1	1	0	0	| 0.000905
0	0	1	1	1	1	1	1	0	1	| 0.000923
0	0	1	1	1	1	1	1	1	0	| 0.000823
0	0	1	1	1	1	1	1	1	1	| 0.001043
0	1	0	0	0	0	0	0	0	0	| 0.000873
0	1	0	0	0	0	0	0	0	1	| 0.000875
0	1	0	0	0	0	0	0	1	0	| 0.000864
0	1	0	0	0	0	0	0	1	1	| 0.001190
0	1	0	0	0	0	0	1	0	0	| 0.000886
0	1	0	0	0	0	0	1	0	1	| 0.001038
0	1	0	0	0	0	0	1	1	0	| 0.000784
0	1	0	0	0	0	0	1	1	1	| 0.000967
0	1	0	0	0	0	1	0	0	0	| 0.001106
0	1	0	0	0	0	1	0	0	1	| 0.001161
0	1	0	0	0	0	1	0	1	0	| 0.000818
0	1	0	0	0	0	1	0	1	1	| 0.000964
0	1	0	0	0	0	1	1	0	0	| 0.000984
0	1	0	0	0	0	1	1	0	1	| 0.001116
0	1	0	0	0	0	1	1	1	0	| 0.000988
0	1	0	0	0	0	1	1	1	1	| 0.000898
0	1	0	0	0	1	0	0	0	0	| 0.000882
0	1	0	0	0	1	0	0	0	1	| 0.001011
0	1	0	0	0	1	0	0	1	0	| 0.000978
0	1	0	0	0	1	0	0	1	1	| 0.000907
0	1	0	0	0	1	0	1	0	0	| 0.001016
0	1	0	0	0	1	0	1	0	1	| 0.001177
0	1	0	0	0	1	0	1	1	0	| 0.000981
0	1	0	0	0	1	0	1	1	1	| 0.000965
0	1	0	0	0	1	1	0	0	0	| 0.000924
0	1	0	0	0	1	1	0	0	1	| 0.000891
0	1	0	0	0	1	1	0	1	0	| 0.000949
0	1	0	0	0	1	1	0	1	1	| 0.000917
0	1	0	0	0	1	1	1	0	0	| 0.001014
0	1	0	0	0	1	1	1	0	1	| 0.001000
0	1	0	0	0	1	1	1	1	0	| 0.000843
0	1	0	0	0	1	1	1	1	1	| 0.000855
0	1	0	0	1	0	0	0	0	0	| 0.000900
0	1	0	0	1	0	0	0	0	1	| 0.001038
0	1	0	0	1	0	0	0	1	0	| 0.000861
0	1	0	0	1	0	0	0	1	1	| 0.000820
0	1	0	0	1	0	0	1	0	0	| 0.001144
0	1	0	0	1	0	0	1	0	1	| 0.000818
0	1	0	0	1	0	0	1	1	0	| 0.001026
0	1	0	0	1	0	0	1	1	1	| 0.000910
0	1	0	0	1	0	1	0	0	0	| 0.000841
0	1	0	0	1	0	1	0	0	1	| 0.000786
0	1	0	0	1	0	1	0	1	0	| 0.001004
0	1	0	0	1	0	1	0	1	1	| 0.000971
0	1	0	0	1	0	1	1	0	0	| 0.000917
0	1	0	0	1	0	1	1	0	1	| 0.000866
0	1	0	0	1	0	1	1	1	0	| 0.000882
0	1	0	0	1	0	1	1	1	1	| 0.000916
0	1	0	0	1	1	0	0	0	0	| 0.000977
0	1	0	0	1	1	0	0	0	1	| 0.000990
0	1	0	0	1	1	0	0	1	0	| 0.000885
0	1	0	0	1	1	0	0	1	1	| 0.000921
0	1	0	0	1	1	0	1	0	0	| 0.000807
0	1	0	0	1	1	0	1	0	1	| 0.001278
0	1	0	0	1	1	0	1	1	0	| 0.001026
0	1	0	0	1	1	0	1	1	1	| 0.000913
0	1	0	0	1	1	1	0	0	0	| 0.001085
0	1	0	0	1	1	1	0	0	1	| 0.000678
0	1	0	0	1	1	1	0	1	0	| 0.001176
0	1	0	0	1	1	1	0	1	1	| 0.001005
0	1	0	0	1	1	1	1	0	0	| 0.000951
0	1	0	0	1	1	1	1	0	1	| 0.000944
0	1	0	0	1	1	1	1	1	0	| 0.001072
0	1	0	0	1	1	1	1	1	1	| 0.000712
0	1	0	1	0	0	0	0	0	0	| 0.001035
0	1	0	1	0	0	0	0	0	1	| 0.001109
0	1	0	1	0	0	0	0	1	0	| 0.000989
0	1	0	1	0	0	0	0	1	1	| 0.000931
0	1	0	1	0	0	0	1	0	0	| 0.001066
0	1	0	1	0	0	0	1	0	1	| 0.000863
0	1	0	1	0	0	0	1	1	0	| 0.000984
0	1	0	1	0	0	0	1	1	1	| 0.000965
0	1	0	1	0	0	1	0	0	0	| 0.000923
0	1	0	1	0	0	1	0	0	1	| 0.000822
0	1	0	1	0	0	1	0	1	0	| 0.000900
0	1	0	1	0	0	1	0	1	1	| 0.000969
0	1	0	1	0	0	1	1	0	0	| 0.000853
0	1	0	1	0	0	1	1	0	1	| 0.001014
0	1	0	1	0	0	1	1	1	0	| 0.000708
0	1	0	1	0	0	1	1	1	1	| 0.000882
0	1	0	1	0	1	0	0	0	0	| 0.000920
0	1	0	1	0	1	0	0	0	1	| 0.000890
0	1	0	1	0	1	0	0	1	0	| 0.001198
0	1	0	1	0	1	0	0	1	1	| 0.000818
0	1	0	1	0	1	0	1	0	0	| 0.000795
0	1	0	1	0	1	0	1	0	1	| 0.000873
0	1	0	1	0	1	0	1	1	0	| 0.001034
0	1	0	1	0	1	0	1	1	1	| 0.000981
0	1	0	1	0	1	1	0	0	0	| 0.000977
0	1	0	1	0	1	1	0	0	1	| 0.000898
0	1	0	1	0	1	1	0	1	0	| 0.001244
0	1	0	1	0	1	1	0	1	1	| 0.001099
0	1	0	1	0	1	1	1	0	0	| 0.000796
0	1	0	1	0	1	1	1	0	1	| 0.000949
0	1	0	1	0	1	1	1	1	0	| 0.000990
0	1	0	1	0	1	1	1	1	1	| 0.000865
0	1	0	1	1	0	0	0	0	0	| 0.000950
0	1	0	1	1	0	0	0	0	1	| 0.000984
0	1	0	1	1	0	0	0	1	0	| 0.000886
0	1	0	1	1	0	0	0	1	1	| 0.000893
0	1	0	1	1	0	0	1	0	0	| 0.000942
0	1	0	1	1	0	0	1	0	1	| 0.000994
0	1	0	1	1	0	0	1	1	0	| 0.001177
0	1	0	1	1	0	0	1	1	1	| 0.001055
0	1	0	1	1	0	1	0	0	0	| 0.000949
0	1	0	1	1	0	1	0	0	1	| 0.000931
0	1	0	1	1	0	1	0	1	0	| 0.000968
0	1	0	1	1	0	1	0	1	1	| 0.000912
0	1	0	1	1	0	1	1	0	0	| 0.000993
0	1	0	1	1	0	1	1	0	1	| 0.000924
0	1	0	1	1	0	1	1	1	0	| 0.000997
0	1	0	1	1	0	1	1	1	1	| 0.000810
0	1	0	1	1	1	0	0	0	0	| 0.001057
0	1	0	1	1	1	0	0	0	1	| 0.001002
0	1	0	1	1	1	0	0	1	0	| 0.000884
0	1	0	1	1	1	0	0	1	1	| 0.000915
0	1	0	1	1	1	0	1	0	0	| 0.000910
0	1	0	1	1	1	0	1	0	1	| 0.000805
0	1	0	1	1	1	0	1	1	0	| 0.000910
0	1	0	1	1	1	0	1	1	1	| 0.001042
0	1	0	1	1	1	1	0	0	0	| 0.000860
0	1	0	1	1	1	1	0	0	1	| 0.001089
0	1	0	1	1	1	1	0	1	0	| 0.000899
0	1	0	1	1	1	1	0	1	1	| 0.000997
0	1	0	1	1	1	1	1	0	0	| 0.000948
0	1	0	1	1	1	1	1	0	1	| 0.000842
0	1	0	1	1	1	1	1	1	0	| 0.001104
0	1	0	1	1	1	1	1	1	1	| 0.000881
0	1	1	0	0	0	0	0	0	0	| 0.001133
0	1	1	0	0	0	0	0	0	1	| 0.001005
0	1	1	0	0	0	0	0	1	0	| 0.001095
0	1	1	0	0	0	0	0	1	1	| 0.000814
0	1	1	0	0	0	0	1	0	0	| 0.001042
0	1	1	0	0	0	0	1	0	1	| 0.000797
0	1	1	0	0	0	0	1	1	0	| 0.001163
0	1	1	0	0	0	0	1	1	1	| 0.000886
0	1	1	0	0	0	1	0	0	0	| 0.001007
0	1	1	0	0	0	1	0	0	1	| 0.001083
0	1	1	0	0	0	1	0	1	0	| 0.000948
0	1	1	0	0	0	1	0	1	1	| 0.001176
0	1	1	0	0	0	1	1	0	0	| 0.001041
0	1	1	0	0	0	1	1	0	1	| 0.001246
0	1	1	0	0	0	1	1	1	0	| 0.001090
0	1	1	0	0	0	1	1	1	1	| 0.001082
0	1	1	0	0	1	0	0	0	0	| 0.000813
0	1	1	0	0	1	0	0	0	1	| 0.000910
0	1	1	0	0	1	0	0	1	0	| 0.001086
0	1	1	0	0	1	0	0	1	1	| 0.000875
0	1	1	0	0	1	0	1	0	0	| 0.000861
0	1	1	0	0	1	0	1	0	1	| 0.000875
0	1	1	0	0	1	0	1	1	0	| 0.001231
0	1	1	0	0	1	0	1	1	1	| 0.000956
0	1	1	0	0	1	1	0	0	0	| 0.001059
0	1	1	0	0	1	1	0	0	1	| 0.001228
0	1	1	0	0	1	1	0	1	0	| 0.000909
0	1	1	0	0	1	1	0	1	1	| 0.000930
0	1	1	0	0	1	1	1	0	0	| 0.001157
0	1	1	0	0	1	1	1	0	1	| 0.001035
0	1	1	0	0	1	1	1	1	0	| 0.000969
0	1	1	0	0	1	1	1	1	1	| 0.001154
0	1	1	0	1	0	0	0	0	0	| 0.000920
0	1	1	0	1	0	0	0	0	1	| 0.001198
0	1	1	0	1	0	0	0	1	0	| 0.000845
0	1	1	0	1	0	0	0	1	1	| 0.000966
0	1	1	0	1	0	0	1	0	0	| 0.000987
0	1	1	0	1	0	0	1	0	1	| 0.000979
0	1	1	0	1	0	0	1	1	0	| 0.001213
0	1	1	0	1	0	0	1	1	1	| 0.000910
0	1	1	0	1	0	1	0	0	0	| 0.001108
0	1	1	0	1	0	1	0	0	1	| 0.000821
0	1	1	0	1	0	1	0	1	0	| 0.000817
0	1	1	0	1	0	1	0	1	1	| 0.001256
0	1	1	0	1	0	1	1	0	0	| 0.000947
0	1	1	0	1	0	1	1	0	1	| 0.000989
0	1	1	0	1	0	1	1	1	0	| 0.000866
0	1	1	0	1	0	1	1	1	1	| 0.000968
0	1	1	0	1	1	0	0	0	0	| 0.000962
0	1	1	0	1	1	0	0	0	1	| 0.000955
0	1	1	0	1	1	0	0	1	0	| 0.000890
0	1	1	0	1	1	0	0	1	1	| 0.000833
0	1	1	0	1	1	0	1	0	0	| 0.000844
0	1	1	0	1	1	0	1	0	1	| 0.000905
0	1	1	0	1	1	0	1	1	0	| 0.000769
0	1	1	0	1	1	0	1	1	1	| 0.000942
0	1	1	0	1	1	1	0	0	0	| 0.000987
0	1	1	0	1	1	1	0	0	1	| 0.001030
0	1	1	0	1	1	1	0	1	0	| 0.001061
0	1	1	0	1	1	1	0	1	1	| 0.000843
0	1	1	0	1	1	1	1	0	0	| 0.000876
0	1	1	0	1	1	1	1	0	1	| 0.001069
0	1	1	0	1	1	1	1	1	0	| 0.000816
0	1	1	0	1	1	1	1	1	1	| 0.001059
0	1	1	1	0	0	0	0	0	0	| 0.000905
0	1	1	1	0	0	0	0	0	1	| 0.001059
0	1	1	1	0	0	0	0	1	0	| 0.000870
0	1	1	1	0	0	0	0	1	1	| 0.000879
0	1	1	1	0	0	0	1	0	0	| 0.000873
0	1	1	1	0	0	0	1	0	1	| 0.000764
0	1	1	1	0	0	0	1	1	0	| 0.001000
0	1	1	1	0	0	0	1	1	1	| 0.000968
0	1	1	1	0	0	1	0	0	0	| 0.001073
0	1	1	1	0	0	1	0	0	1	| 0.000897
0	1	1	1	0	0	1	0	1	0	| 0.001025
0	1	1	1	0	0	1	0	1	1	| 0.000870
0	1	1	1	0	0	1	1	0	0	| 0.000924
0	1	1	1	0	0	1	1	0	1	| 0.001133
0	1	1	1	0	0	1	1	1	0	| 0.000730
0	1	1	1	0	0	1	1	1	1	| 0.000960
0	1	1	1	0	1	0	0	0	0	| 0.000888
0	1	1	1	0	1	0	0	0	1	| 0.001028
0	1	1	1	0	1	0	0	1	0	| 0.001011
0	1	1	1	0	1	0	0	1	1	| 0.001017
0	1	1	1	0	1	0	1	0	0	| 0.000873
0	1	1	1	0	1	0	1	0	1	| 0.000910
0	1	1	1	0	1	0	1	1	0	| 0.000770
0	1	1	1	0	1	0	1	1	1	| 0.000926
0	1	1	1	0	1	1	0	0	0	| 0.000901
0	1	1	1	0	1	1	0	0	1	| 0.000973
0	1	1	1	0	1	1	0	1	0	| 0.001109
0	1	1	1	0	1	1	0	1	1	| 0.000860
0	1	1	1	0	1	1	1	0	0	| 0.001020
0	1	1	1	0	1	1	1	0	1	| 0.000883
0	1	1	1	0	1	1	1	1	0	| 0.000881
0	1	1	1	0	1	1	1	1	1	| 0.001141
0	1	1	1	1	0	0	0	0	0	| 0.001020
0	1	1	1	1	0	0	0	0	1	| 0.000824
0	1	1	1	1	0	0	0	1	0	| 0.000817
0	1	1	1	1	0	0	0	1	1	| 0.001072
0	1	1	1	1	0	0	1	0	0	| 0.000931
0	1	1	1	1	0	0	1	0	1	| 0.001147
0	1	1	1	1	0	0	1	1	0	| 0.000812
0	1	1	1	1	0	0	1	1	1	| 0.000797
0	1	1	1	1	0	1	0	0	0	| 0.001001
0	1	1	1	1	0	1	0	0	1	| 0.001004
0	1	1	1	1	0	1	0	1	0	| 0.000946
0	1	1	1	1	0	1	0	1	1	| 0.001094
0	1	1	1	1	0	1	1	0	0	| 0.000984
0	1	1	1	1	0	1	1	0	1	| 0.001037
0	1	1	1	1	0	1	1	1	0	| 0.000992
0	1	1	1	1	0	1	1	1	1	| 0.000850
0	1	1	1	1	1	0	0	0	0	| 0.001025
0	1	1	1	1	1	0	0	0	1	| 0.001057
0	1	1	1	1	1	0	0	1	0	| 0.000888
0	1	1	1	1	1	0	0	1	1	| 0.001062
0	1	1	1	1	1	0	1	0	0	| 0.000925
0	1	1	1	1	1	0	1	0	1	| 0.000960
0	1	1	1	1	1	0	1	1	0	| 0.001031
0	1	1	1	1	1	0	1	1	1	| 0.001058
0	1	1	1	1	1	1	0	0	0	| 0.000955
0	1	1	1	1	1	1	0	0	1	| 0.000822
0	1	1	1	1	1	1	0	1	0	| 0.000749
0	1	1	1	1	1	1	0	1	1	| 0.001065
0	1	1	1	1	1	1	1	0	0	| 0.000990
0	1	1	1	1	1	1	1	0	1	| 0.000873
0	1	1	1	1	1	1	1	1	0	| 0.000990
0	1	1	1	1	1	1	1	1	1	| 0.000990
1	0	0	0	0	0	0	0	0	0	| 0.000964
1	0	0	0	0	0	0	0	0	1	| 0.000882
1	0	0	0	0	0	0	0	1	0	| 0.000768
1	0	0	0	0	0	0	0	1	1	| 0.001043
1	0	0	0	0	0	0	1	0	0	| 0.000909
1	0	0	0	0	0	0	1	0	1	| 0.001284
1	0	0	0	0	0	0	1	1	0	| 0.001057
1	0	0	0	0	0	0	1	1	1	| 0.001081
1	0	0	0	0	0	1	0	0	0	| 0.000969
1	0	0	0	0	0	1	0	0	1	| 0.001220
1	0	0	0	0	0	1	0	1	0	| 0.000934
1	0	0	0	0	0	1	0	1	1	| 0.001098
1	0	0	0	0	0	1	1	0	0	| 0.000930
1	0	0	0	0	0	1	1	0	1	| 0.001027
1	0	0	0	0	0	1	1	1	0	| 0.000746
1	0	0	0	0	0	1	1	1	1	| 0.000844
1	0	0	0	0	1	0	0	0	0	| 0.000878
1	0	0	0	0	1	0	0	0	1	| 0.000859
1	0	0	0	0	1	0	0	1	0	| 0.000959
1	0	0	0	0	1	0	0	1	1	| 0.000957
1	0	0	0	0	1	0	1	0	0	| 0.000815
1	0	0	0	0	1	0	1	0	1	| 0.000970
1	0	0	0	0	1	0	1	1	0	| 0.000961
1	0	0	0	0	1	0	1	1	1	| 0.001053
1	0	0	0	0	1	1	0	0	0	| 0.001032
1	0	0	0	0	1	1	0	0	1	| 0.001045
1	0	0	0	0	1	1	0	1	0	| 0.000729
1	0	0	0	0	1	1	0	1	1	| 0.001002
1	0	0	0	0	1	1	1	0	0	| 0.001172
1	0	0	0	0	1	1	1	0	1	| 0.001298
1	0	0	0	0	1	1	1	1	0	| 0.000927
1	0	0	0	0	1	1	1	1	1	| 0.000972
1	0	0	0	1	0	0	0	0	0	| 0.001061
1	0	0	0	1	0	0	0	0	1	| 0.001140
1	0	0	0	1	0	0	0	1	0	| 0.000807
1	0	0	0	1	0	0	0	1	1	| 0.000948
1	0	0	0	1	0	0	1	0	0	| 0.000915
1	0	0	0	1	0	0	1	0	1	| 0.000944
1	0	0	0	1	0	0	1	1	0	| 0.000921
1	0	0	0	1	0	0	1	1	1	| 0.000921
1	0	0	0	1	0	1	0	0	0	| 0.001074
1	0	0	0	1	0	1	0	0	1	| 0.001162
1	0	0	0	1	0	1	0	1	0	| 0.000956
1	0	0	0	1	0	1	0	1	1	| 0.001111
1	0	0	0	1	0	1	1	0	0	| 0.001104
1	0	0	0	1	0	1	1	0	1	| 0.000799
1	0	0	0	1	0	1	1	1	0	| 0.001129
1	0	0	0	1	0	1	1	1	1	| 0.000932
1	0	0	0	1	1	0	0	0	0	| 0.001069
1	0	0	0	1	1	0	0	0	1	| 0.000823
1	0	0	0	1	1	0	0	1	0	| 0.000910
1	0	0	0	1	1	0	0	1	1	| 0.000967
1	0	0	0	1	1	0	1	0	0	| 0.001088
1	0	0	0	1	1	0	1	0	1	| 0.001081
1	0	0	0	1	1	0	1	1	0	| 0.001054
1	0	0	0	1	1	0	1	1	1	| 0.000948
1	0	0	0	1	1	1	0	0	0	| 0.001059
1	0	0	0	1	1	1	0	0	1	| 0.000828
1	0	0	0	1	1	1	0	1	0	| 0.000894
1	0	0	0	1	1	1	0	1	1	| 0.000957
1	0	0	0	1	1	1	1	0	0	| 0.000790
1	0	0	0	1	1	1	1	0	1	| 0.001028
1	0	0	0	1	1	1	1	1	0	| 0.001155
1	0	0	0	1	1	1	1	1	1	| 0.000927
1	0	0	1	0	0	0	0	0	0	| 0.001102
1	0	0	1	0	0	0	0	0	1	| 0.000837
1	0	0	1	0	0	0	0	1	0	| 0.000826
1	0	0	1	0	0	0	0	1	1	| 0.000786
1	0	0	1	0	0	0	1	0	0	| 0.000871
1	0	0	1	0	0	0	1	0	1	| 0.001124
1	0	0	1	0	0	0	1	1	0	| 0.000963
1	0	0	1	0	0	0	1	1	1	| 0.001052
1	0	0	1	0	0	1	0	0	0	| 0.001177
1	0	0	1	0	0	1	0	0	1	| 0.000695
1	0	0	1	0	0	1	0	1	0	| 0.001272
1	0	0	1	0	0	1	0	1	1	| 0.000999
1	0	0	1	0	0	1	1	0	0	| 0.000994
1	0	0	1	0	0	1	1	0	1	| 0.000926
1	0	0	1	0	0	1	1	1	0	| 0.001043
1	0	0	1	0	0	1	1	1	1	| 0.000942
1	0	0	1	0	1	0	0	0	0	| 0.001157
1	0	0	1	0	1	0	0	0	1	| 0.000992
1	0	0	1	0	1	0	0	1	0	| 0.000836
1	0	0	1	0	1	0	0	1	1	| 0.000848
1	0	0	1	0	1	0	1	0	0	| 0.000953
1	0	0	1	0	1	0	1	0	1	| 0.000947
1	0	0	1	0	1	0	1	1	0	| 0.000971
1	0	0	1	0	1	0	1	1	1	| 0.001166
1	0	0	1	0	1	1	0	0	0	| 0.000840
1	0	0	1	0	1	1	0	0	1	| 0.000891
1	0	0	1	0	1	1	0	1	0	| 0.000777
1	0	0	1	0	1	1	0	1	1	| 0.000935
1	0	0	1	0	1	1	1	0	0	| 0.001026
1	0	0	1	0	1	1	1	0	1	| 0.000974
1	0	0	1	0	1	1	1	1	0	| 0.001054
1	0	0	1	0	1	1	1	1	1	| 0.001123
1	0	0	1	1	0	0	0	0	0	| 0.001047
1	0	0	1	1	0	0	0	0	1	| 0.000985
1	0	0	1	1	0	0	0	1	0	| 0.000823
1	0	0	1	1	0	0	0	1	1	| 0.000883
1	0	0	1	1	0	0	1	0	0	| 0.001034
1	0	0	1	1	0	0	1	0	1	| 0.001338
1	0	0	1	1	0	0	1	1	0	| 0.001038
1	0	0	1	1	0	0	1	1	1	| 0.000711
1	0	0	1	1	0	1	0	0	0	| 0.001104
1	0	0	1	1	0	1	0	0	1	| 0.000830
1	0	0	1	1	0	1	0	1	0	| 0.000887
1	0	0	1	1	0	1	0	1	1	| 0.000982
1	0	0	1	1	0	1	1	0	0	| 0.001012
1	0	0	1	1	0	1	1	0	1	| 0.000751
1	0	0	1	1	0	1	1	1	0	| 0.001092
1	0	0	1	1	0	1	1	1	1	| 0.000991
1	0	0	1	1	1	0	0	0	0	| 0.001122
1	0	0	1	1	1	0	0	0	1	| 0.000979
1	0	0	1	1	1	0	0	1	0	| 0.001160
1	0	0	1	1	1	0	0	1	1	| 0.000876
1	0	0	1	1	1	0	1	0	0	| 0.000871
1	0	0	1	1	1	0	1	0	1	| 0.001117
1	0	0	1	1	1	0	1	1	0	| 0.000829
1	0	0	1	1	1	0	1	1	1	| 0.001095
1	0	0	1	1	1	1	0	0	0	| 0.000898
1	0	0	1	1	1	1	0	0	1	| 0.001138
1	0	0	1	1	1	1	0	1	0	| 0.000888
1	0	0	1	1	1	1	0	1	1	| 0.000939
1	0	0	1	1	1	1	1	0	0	| 0.000900
1	0	0	1	1	1	1	1	0	1	| 0.001008
1	0	0	1	1	1	1	1	1	0	| 0.001029
1	0	0	1	1	1	1	1	1	1	| 0.000907
1	0	1	0	0	0	0	0	0	0	| 0.000827
1	0	1	0	0	0	0	0	0	1	| 0.000887
1	0	1	0	0	0	0	0	1	0	| 0.001115
1	0	1	0	0	0	0	0	1	1	| 0.001100
1	0	1	0	0	0	0	1	0	0	| 0.001166
1	0	1	0	0	0	0	1	0	1	| 0.001064
1	0	1	0	0	0	0	1	1	0	| 0.001024
1	0	1	0	0	0	0	1	1	1	| 0.001035
1	0	1	0	0	0	1	0	0	0	| 0.000914
1	0	1	0	0	0	1	0	0	1	| 0.000959
1	0	1	0	0	0	1	0	1	0	| 0.000909
1	0	1	0	0	0	1	0	1	1	| 0.001106
1	0	1	0	0	0	1	1	0	0	| 0.001135
1	0	1	0	0	0	1	1	0	1	| 0.000875
1	0	1	0	0	0	1	1	1	0	| 0.000780
1	0	1	0	0	0	1	1	1	1	| 0.001129
1	0	1	0	0	1	0	0	0	0	| 0.001002
1	0	1	0	0	1	0	0	0	1	| 0.000912
1	0	1	0	0	1	0	0	1	0	| 0.000970
1	0	1	0	0	1	0	0	1	1	| 0.001016
1	0	1	0	0	1	0	1	0	0	| 0.001019
1	0	1	0	0	1	0	1	0	1	| 0.000855
1	0	1	0	0	1	0	1	1	0	| 0.001256
1	0	1	0	0	1	0	1	1	1	| 0.001261
1	0	1	0	0	1	1	0	0	0	| 0.000935
1	0	1	0	0	1	1	0	0	1	| 0.000944
1	0	1	0	0	1	1	0	1	0	| 0.000815
1	0	1	0	0	1	1	0	1	1	| 0.000876
1	0	1	0	0	1	1	1	0	0	| 0.001007
1	0	1	0	0	1	1	1	0	1	| 0.001199
1	0	1	0	0	1	1	1	1	0	| 0.001079
1	0	1	0	0	1	1	1	1	1	| 0.001095
1	0	1	0	1	0	0	0	0	0	| 0.000781
1	0	1	0	1	0	0	0	0	1	| 0.001113
1	0	1	0	1	0	0	0	1	0	| 0.001147
1	0	1	0	1	0	0	0	1	1	| 0.000950
1	0	1	0	1	0	0	1	0	0	| 0.000951
1	0	1	0	1	0	0	1	0	1	| 0.001105
1	0	1	0	1	0	0	1	1	0	| 0.001027
1	0	1	0	1	0	0	1	1	1	| 0.000860
1	0	1	0	1	0	1	0	0	0	| 0.001155
1	0	1	0	1	0	1	0	0	1	| 0.000870
1	0	1	0	1	0	1	0	1	0	| 0.001045
1	0	1	0	1	0	1	0	1	1	| 0.001083
1	0	1	0	1	0	1	1	0	0	| 0.001199
1	0	1	0	1	0	1	1	0	1	| 0.000970
1	0	1	0	1	0	1	1	1	0	| 0.000774
1	0	1	0	1	0	1	1	1	1	| 0.000868
1	0	1	0	1	1	0	0	0	0	| 0.001064
1	0	1	0	1	1	0	0	0	1	| 0.001001
1	0	1	0	1	1	0	0	1	0	| 0.000607
1	0	1	0	1	1	0	0	1	1	| 0.001168
1	0	1	0	1	1	0	1	0	0	| 0.001107
1	0	1	0	1	1	0	1	0	1	| 0.000890
1	0	1	0	1	1	0	1	1	0	| 0.000911
1	0	1	0	1	1	0	1	1	1	| 0.000994
1	0	1	0	1	1	1	0	0	0	| 0.000810
1	0	1	0	1	1	1	0	0	1	| 0.001091
1	0	1	0	1	1	1	0	1	0	| 0.000936
1	0	1	0	1	1	1	0	1	1	| 0.001147
1	0	1	0	1	1	1	1	0	0	| 0.000966
1	0	1	0	1	1	1	1	0	1	| 0.000950
1	0	1	0	1	1	1	1	1	0	| 0.000802
1	0	1	0	1	1	1	1	1	1	| 0.000975
1	0	1	1	0	0	0	0	0	0	| 0.000966
1	0	1	1	0	0	0	0	0	1	| 0.000981
1	0	1	1	0	0	0	0	1	0	| 0.000812
1	0	1	1	0	0	0	0	1	1	| 0.001024
1	0	1	1	0	0	0	1	0	0	| 0.001055
1	0	1	1	0	0	0	1	0	1	| 0.001084
1	0	1	1	0	0	0	1	1	0	| 0.000801
1	0	1	1	0	0	0	1	1	1	| 0.000903
1	0	1	1	0	0	1	0	0	0	| 0.000910
1	0	1	1	0	0	1	0	0	1	| 0.000936
1	0	1	1	0	0	1	0	1	0	| 0.000902
1	0	1	1	0	0	1	0	1	1	| 0.000901
1	0	1	1	0	0	1	1	0	0	| 0.000869
1	0	1	1	0	0	1	1	0	1	| 0.000894
1	0	1	1	0	0	1	1	1	0	| 0.000849
1	0	1	1	0	0	1	1	1	1	| 0.001020
1	0	1	1	0	1	0	0	0	0	| 0.000912
1	0	1	1	0	1	0	0	0	1	| 0.001212
1	0	1	1	0	1	0	0	1	0	| 0.000938
1	0	1	1	0	1	0	0	1	1	| 0.000949
1	0	1	1	0	1	0	1	0	0	| 0.001152
1	0	1	1	0	1	0	1	0	1	| 0.001030
1	0	1	1	0	1	0	1	1	0	| 0.000959
1	0	1	1	0	1	0	1	1	1	| 0.000790
1	0	1	1	0	1	1	0	0	0	| 0.000862
1	0	1	1	0	1	1	0	0	1	| 0.001030
1	0	1	1	0	1	1	0	1	0	| 0.001142
1	0	1	1	0	1	1	0	1	1	| 0.000926
1	0	1	1	0	1	1	1	0	0	| 0.000837
1	0	1	1	0	1	1	1	0	1	| 0.001043
1	0	1	1	0	1	1	1	1	0	| 0.001113
1	0	1	1	0	1	1	1	1	1	| 0.000840
1	0	1	1	1	0	0	0	0	0	| 0.000866
1	0	1	1	1	0	0	0	0	1	| 0.001162
1	0	1	1	1	0	0	0	1	0	| 0.000971
1	0	1	1	1	0	0	0	1	1	| 0.001069
1	0	1	1	1	0	0	1	0	0	| 0.001128
1	0	1	1	1	0	0	1	0	1	| 0.001034
1	0	1	1	1	0	0	1	1	0	| 0.000812
1	0	1	1	1	0	0	1	1	1	| 0.000969
1	0	1	1	1	0	1	0	0	0	| 0.000835
1	0	1	1	1	0	1	0	0	1	| 0.001153
1	0	1	1	1	0	1	0	1	0	| 0.001002
1	0	1	1	1	0	1	0	1	1	| 0.000843
1	0	1	1	1	0	1	1	0	0	| 0.000955
1	0	1	1	1	0	1	1	0	1	| 0.000963
1	0	1	1	1	0	1	1	1	0	| 0.001035
1	0	1	1	1	0	1	1	1	1	| 0.000894
1	0	1	1	1	1	0	0	0	0	| 0.001119
1	0	1	1	1	1	0	0	0	1	| 0.000828
1	0	1	1	1	1	0	0	1	0	| 0.000940
1	0	1	1	1	1	0	0	1	1	| 0.001102
1	0	1	1	1	1	0	1	0	0	| 0.001006
1	0	1	1	1	1	0	1	0	1	| 0.000912
1	0	1	1	1	1	0	1	1	0	| 0.000797
1	0	1	1	1	1	0	1	1	1	| 0.001016
1	0	1	1	1	1	1	0	0	0	| 0.000923
1	0	1	1	1	1	1	0	0	1	| 0.000893
1	0	1	1	1	1	1	0	1	0	| 0.001134
1	0	1	1	1	1	1	0	1	1	| 0.001062
1	0	1	1	1	1	1	1	0	0	| 0.001113
1	0	1	1	1	1	1	1	0	1	| 0.000928
1	0	1	1	1	1	1	1	1	0	| 0.000975
1	0	1	1	1	1	1	1	1	1	| 0.000880
1	1	0	0	0	0	0	0	0	0	| 0.000918
1	1	0	0	0	0	0	0	0	1	| 0.000878
1	1	0	0	0	0	0	0	1	0	| 0.001015
1	1	0	0	0	0	0	0	1	1	| 0.001119
1	1	0	0	0	0	0	1	0	0	| 0.001058
1	1	0	0	0	0	0	1	0	1	| 0.001069
1	1	0	0	0	0	0	1	1	0	| 0.001208
1	1	0	0	0	0	0	1	1	1	| 0.001020
1	1	0	0	0	0	1	0	0	0	| 0.001009
1	1	0	0	0	0	1	0	0	1	| 0.001170
1	1	0	0	0	0	1	0	1	0	| 0.001068
1	1	0	0	0	0	1	0	1	1	| 0.000973
1	1	0	0	0	0	1	1	0	0	| 0.001013
1	1	0	0	0	0	1	1	0	1	| 0.000833
1	1	0	0	0	0	1	1	1	0	| 0.000951
1	1	0	0	0	0	1	1	1	1	| 0.001169
1	1	0	0	0	1	0	0	0	0	| 0.001021
1	1	0	0	0	1	0	0	0	1	| 0.000973
1	1	0	0	0	1	0	0	1	0	| 0.000968
1	1	0	0	0	1	0	0	1	1	| 0.001010
1	1	0	0	0	1	0	1	0	0	| 0.001058
1	1	0	0	0	1	0	1	0	1	| 0.001148
1	1	0	0	0	1	0	1	1	0	| 0.000783
1	1	0	0	0	1	0	1	1	1	| 0.000885
1	1	0	0	0	1	1	0	0	0	| 0.000754
1	1	0	0	0	1	1	0	0	1	| 0.000829
1	1	0	0	0	1	1	0	1	0	| 0.000772
1	1	0	0	0	1	1	0	1	1	| 0.000959
1	1	0	0	0	1	1	1	0	0	| 0.001095
1	1	0	0	0	1	1	1	0	1	| 0.001051
1	1	0	0	0	1	1	1	1	0	| 0.001179
1	1	0	0	0	1	1	1	1	1	| 0.000923
1	1	0	0	1	0	0	0	0	0	| 0.000851
1	1	0	0	1	0	0	0	0	1	| 0.000922
1	1	0	0	1	0	0	0	1	0	| 0.001152
1	1	0	0	1	0	0	0	1	1	| 0.001125
1	1	0	0	1	0	0	1	0	0	| 0.001108
1	1	0	0	1	0	0	1	0	1	| 0.001014
1	1	0	0	1	0	0	1	1	0	| 0.000777
1	1	0	0	1	0	0	1	1	1	| 0.001073
1	1	0	0	1	0	1	0	0	0	| 0.001026
1	1	0	0	1	0	1	0	0	1	| 0.001184
1	1	0	0	1	0	1	0	1	0	| 0.000920
1	1	0	0	1	0	1	0	1	1	| 0.000856
1	1	0	0	1	0	1	1	0	0	| 0.001081
1	1	0	0	1	0	1	1	0	1	| 0.001042
1	1	0	0	1	0	1	1	1	0	| 0.000986
1	1	0	0	1	0	1	1	1	1	| 0.000971
1	1	0	0	1	1	0	0	0	0	| 0.001025
1	1	0	0	1	1	0	0	0	1	| 0.000812
1	1	0	0	1	1	0	0	1	0	| 0.000899
1	1	0	0	1	1	0	0	1	1	| 0.001124
1	1	0	0	1	1	0	1	0	0	| 0.000945
1	1	0	0	1	1	0	1	0	1	| 0.000930
1	1	0	0	1	1	0	1	1	0	| 0.000972
1	1	0	0	1	1	0	1	1	1	| 0.000770
1	1	0	0	1	1	1	0	0	0	| 0.001033
1	1	0	0	1	1	1	0	0	1	| 0.001304
1	1	0	0	1	1	1	0	1	0	| 0.000813
1	1	0	0	1	1	1	0	1	1	| 0.000942
1	1	0	0	1	1	1	1	0	0	| 0.000973
1	1	0	0	1	1	1	1	0	1	| 0.001112
1	1	0	0	1	1	1	1	1	0	| 0.001000
1	1	0	0	1	1	1	1	1	1	| 0.001044
1	1	0	1	0	0	0	0	0	0	| 0.001194
1	1	0	1	0	0	0	0	0	1	| 0.001072
1	1	0	1	0	0	0	0	1	0	| 0.001243
1	1	0	1	0	0	0	0	1	1	| 0.001206
1	1	0	1	0	0	0	1	0	0	| 0.001026
1	1	0	1	0	0	0	1	0	1	| 0.000855
1	1	0	1	0	0	0	1	1	0	| 0.001057
1	1	0	1	0	0	0	1	1	1	| 0.000958
1	1	0	1	0	0	1	0	0	0	| 0.000917
1	1	0	1	0	0	1	0	0	1	| 0.000916
1	1	0	1	0	0	1	0	1	0	| 0.000936
1	1	0	1	0	0	1	0	1	1	| 0.000930
1	1	0	1	0	0	1	1	0	0	| 0.001091
1	1	0	1	0	0	1	1	0	1	| 0.001016
1	1	0	1	0	0	1	1	1	0	| 0.000988
1	1	0	1	0	0	1	1	1	1	| 0.000858
1	1	0	1	0	1	0	0	0	0	| 0.001057
1	1	0	1	0	1	0	0	0	1	| 0.000709
1	1	0	1	0	1	0	0	1	0	| 0.001017
1	1	0	1	0	1	0	0	1	1	| 0.000769
1	1	0	1	0	1	0	1	0	0	| 0.001132
1	1	0	1	0	1	0	1	0	1	| 0.001045
1	1	0	1	0	1	0	1	1	0	| 0.000812
1	1	0	1	0	1	0	1	1	1	| 0.001008
1	1	0	1	0	1	1	0	0	0	| 0.001199
1	1	0	1	0	1	1	0	0	1	| 0.000889
1	1	0	1	0	1	1	0	1	0	| 0.000923
1	1	0	1	0	1	1	0	1	1	| 0.000970
1	1	0	1	0	1	1	1	0	0	| 0.001154
1	1	0	1	0	1	1	1	0	1	| 0.001185
1	1	0	1	0	1	1	1	1	0	| 0.001001
1	1	0	1	0	1	1	1	1	1	| 0.000901
1	1	0	1	1	0	0	0	0	0	| 0.000905
1	1	0	1	1	0	0	0	0	1	| 0.000875
1	1	0	1	1	0	0	0	1	0	| 0.001083
1	1	0	1	1	0	0	0	1	1	| 0.000732
1	1	0	1	1	0	0	1	0	0	| 0.001191
1	1	0	1	1	0	0	1	0	1	| 0.000882
1	1	0	1	1	0	0	1	1	0	| 0.000961
1	1	0	1	1	0	0	1	1	1	| 0.001052
1	1	0	1	1	0	1	0	0	0	| 0.000897
1	1	0	1	1	0	1	0	0	1	| 0.000896
1	1	0	1	1	0	1	0	1	0	| 0.000978
1	1	0	1	1	0	1	0	1	1	| 0.000869
1	1	0	1	1	0	1	1	0	0	| 0.000940
1	1	0	1	1	0	1	1	0	1	| 0.001034
1	1	0	1	1	0	1	1	1	0	| 0.001108
1	1	0	1	1	0	1	1	1	1	| 0.000977
1	1	0	1	1	1	0	0	0	0	| 0.001068
1	1	0	1	1	1	0	0	0	1	| 0.001036
1	1	0	1	1	1	0	0	1	0	| 0.001020
1	1	0	1	1	1	0	0	1	1	| 0.000925
1	1	0	1	1	1	0	1	0	0	| 0.000945
1	1	0	1	1	1	0	1	0	1	| 0.000902
1	1	0	1	1	1	0	1	1	0	| 0.000921
1	1	0	1	1	1	0	1	1	1	| 0.001173
1	1	0	1	1	1	1	0	0	0	| 0.001329
1	1	0	1	1	1	1	0	0	1	| 0.000939
1	1	0	1	1	1	1	0	1	0	| 0.001181
1	1	0	1	1	1	1	0	1	1	| 0.000869
1	1	0	1	1	1	1	1	0	0	| 0.000988
1	1	0	1	1	1	1	1	0	1	| 0.001089
1	1	0	1	1	1	1	1	1	0	| 0.000941
1	1	0	1	1	1	1	1	1	1	| 0.000996
1	1	1	0	0	0	0	0	0	0	| 0.001173
1	1	1	0	0	0	0	0	0	1	| 0.001161
1	1	1	0	0	0	0	0	1	0	| 0.000851
1	1	1	0	0	0	0	0	1	1	| 0.000869
1	1	1	0	0	0	0	1	0	0	| 0.001069
1	1	1	0	0	0	0	1	0	1	| 0.000887
1	1	1	0	0	0	0	1	1	0	| 0.000959
1	1	1	0	0	0	0	1	1	1	| 0.001061
1	1	1	0	0	0	1	0	0	0	| 0.000729
1	1	1	0	0	0	1	0	0	1	| 0.001094
1	1	1	0	0	0	1	0	1	0	| 0.001140
1	1	1	0	0	0	1	0	1	1	| 0.000954
1	1	1	0	0	0	1	1	0	0	| 0.000857
1	1	1	0	0	0	1	1	0	1	| 0.000936
1	1	1	0	0	0	1	1	1	0	| 0.001115
1	1	1	0	0	0	1	1	1	1	| 0.000989
1	1	1	0	0	1	0	0	0	0	| 0.000886
1	1	1	0	0	1	0	0	0	1	| 0.000959
1	1	1	0	0	1	0	0	1	0	| 0.000902
1	1	1	0	0	1	0	0	1	1	| 0.000845
1	1	1	0	0	1	0	1	0	0	| 0.001029
1	1	1	0	0	1	0	1	0	1	| 0.000838
1	1	1	0	0	1	0	1	1	0	| 0.001030
1	1	1	0	0	1	0	1	1	1	| 0.000937
1	1	1	0	0	1	1	0	0	0	| 0.000943
1	1	1	0	0	1	1	0	0	1	| 0.001207
1	1	1	0	0	1	1	0	1	0	| 0.001143
1	1	1	0	0	1	1	0	1	1	| 0.001299
1	1	1	0	0	1	1	1	0	0	| 0.000852
1	1	1	0	0	1	1	1	0	1	| 0.001182
1	1	1	0	0	1	1	1	1	0	| 0.000927
1	1	1	0	0	1	1	1	1	1	| 0.000939
1	1	1	0	1	0	0	0	0	0	| 0.000998
1	1	1	0	1	0	0	0	0	1	| 0.000909
1	1	1	0	1	0	0	0	1	0	| 0.001272
1	1	1	0	1	0	0	0	1	1	| 0.001084
1	1	1	0	1	0	0	1	0	0	| 0.000967
1	1	1	0	1	0	0	1	0	1	| 0.000748
1	1	1	0	1	0	0	1	1	0	| 0.000867
1	1	1	0	1	0	0	1	1	1	| 0.000842
1	1	1	0	1	0	1	0	0	0	| 0.000891
1	1	1	0	1	0	1	0	0	1	| 0.000945
1	1	1	0	1	0	1	0	1	0	| 0.000988
1	1	1	0	1	0	1	0	1	1	| 0.000854
1	1	1	0	1	0	1	1	0	0	| 0.000969
1	1	1	0	1	0	1	1	0	1	| 0.001082
1	1	1	0	1	0	1	1	1	0	| 0.001117
1	1	1	0	1	0	1	1	1	1	| 0.001093
1	1	1	0	1	1	0	0	0	0	| 0.000879
1	1	1	0	1	1	0	0	0	1	| 0.000844
1	1	1	0	1	1	0	0	1	0	| 0.001139
1	1	1	0	1	1	0	0	1	1	| 0.000987
1	1	1	0	1	1	0	1	0	0	| 0.001095
1	1	1	0	1	1	0	1	0	1	| 0.000927
1	1	1	0	1	1	0	1	1	0	| 0.000985
1	1	1	0	1	1	0	1	1	1	| 0.000786
1	1	1	0	1	1	1	0	0	0	| 0.000932
1	1	1	0	1	1	1	0	0	1	| 0.000822
1	1	1	0	1	1	1	0	1	0	| 0.001009
1	1	1	0	1	1	1	0	1	1	| 0.001019
1	1	1	0	1	1	1	1	0	0	| 0.000808
1	1	1	0	1	1	1	1	0	1	| 0.000872
1	1	1	0	1	1	1	1	1	0	| 0.000871
1	1	1	0	1	1	1	1	1	1	| 0.001135
1	1	1	1	0	0	0	0	0	0	| 0.000931
1	1	1	1	0	0	0	0	0	1	| 0.001166
1	1	1	1	0	0	0	0	1	0	| 0.000954
1	1	1	1	0	0	0	0	1	1	| 0.000850
1	1	1	1	0	0	0	1	0	0	| 0.000888
1	1	1	1	0	0	0	1	0	1	| 0.000776
1	1	1	1	0	0	0	1	1	0	| 0.001090
1	1	1	1	0	0	0	1	1	1	| 0.000846
1	1	1	1	0	0	1	0	0	0	| 0.000863
1	1	1	1	0	0	1	0	0	1	| 0.000965
1	1	1	1	0	0	1	0	1	0	| 0.000956
1	1	1	1	0	0	1	0	1	1	| 0.000999
1	1	1	1	0	0	1	1	0	0	| 0.000863
1	1	1	1	0	0	1	1	0	1	| 0.000963
1	1	1	1	0	0	1	1	1	0	| 0.000992
1	1	1	1	0	0	1	1	1	1	| 0.000881
1	1	1	1	0	1	0	0	0	0	| 0.000882
1	1	1	1	0	1	0	0	0	1	| 0.001078
1	1	1	1	0	1	0	0	1	0	| 0.000989
1	1	1	1	0	1	0	0	1	1	| 0.000875
1	1	1	1	0	1	0	1	0	0	| 0.000999
1	1	1	1	0	1	0	1	0	1	| 0.000804
1	1	1	1	0	1	0	1	1	0	| 0.000953
1	1	1	1	0	1	0	1	1	1	| 0.001072
1	1	1	1	0	1	1	0	0	0	| 0.001111
1	1	1	1	0	1	1	0	0	1	| 0.000839
1	1	1	1	0	1	1	0	1	0	| 0.001015
1	1	1	1	0	1	1	0	1	1	| 0.001242
1	1	1	1	0	1	1	1	0	0	| 0.000899
1	1	1	1	0	1	1	1	0	1	| 0.001110
1	1	1	1	0	1	1	1	1	0	| 0.000775
1	1	1	1	0	1	1	1	1	1	| 0.001030
1	1	1	1	1	0	0	0	0	0	| 0.000960
1	1	1	1	1	0	0	0	0	1	| 0.000940
1	1	1	1	1	0	0	0	1	0	| 0.000828
1	1	1	1	1	0	0	0	1	1	| 0.001250
1	1	1	1	1	0	0	1	0	0	| 0.000954
1	1	1	1	1	0	0	1	0	1	| 0.000894
1	1	1	1	1	0	0	1	1	0	| 0.001053
1	1	1	1	1	0	0	1	1	1	| 0.001135
1	1	1	1	1	0	1	0	0	0	| 0.000856
1	1	1	1	1	0	1	0	0	1	| 0.000985
1	1	1	1	1	0	1	0	1	0	| 0.000970
1	1	1	1	1	0	1	0	1	1	| 0.001302
1	1	1	1	1	0	1	1	0	0	| 0.000910
1	1	1	1	1	0	1	1	0	1	| 0.000865
1	1	1	1	1	0	1	1	1	0	| 0.000915
1	1	1	1	1	0	1	1	1	1	| 0.000830
1	1	1	1	1	1	0	0	0	0	| 0.001110
1	1	1	1	1	1	0	0	0	1	| 0.000966
1	1	1	1	1	1	0	0	1	0	| 0.000867
1	1	1	1	1	1	0	0	1	1	| 0.001058
1	1	1	1	1	1	0	1	0	0	| 0.000970
1	1	1	1	1	1	0	1	0	1	| 0.001146
1	1	1	1	1	1	0	1	1	0	| 0.001250
1	1	1	1	1	1	0	1	1	1	| 0.001084
1	1	1	1	1	1	1	0	0	0	| 0.000992
1	1	1	1	1	1	1	0	0	1	| 0.001054
1	1	1	1	1	1	1	0	1	0	| 0.000893
1	1	1	1	1	1	1	0	1	1	| 0.000940
1	1	1	1	1	1	1	1	0	0	| 0.001060
1	1	1	1	1	1	1	1	0	1	| 0.001043
1	1	1	1	1	1	1	1	1	0	| 0.001150
1	1	1	1	1	1	1	1	1	1	| 0.000953
------------------------------------------------------------
Suma total: 1.000000
